-1253
-210
-832
-2109
35
-2006
-561
-1880
-1285
-1283
-502
-1795
-2247
-43
-920
-1887
-2088
-1813
-1679
-1976
-742
-600
-1892
-1879
-1894
-447
-562
-665
-177
-1042
-1722
-1789
-179
-205
-1885
-934
-2162
-1855
-48
-1950
-566
-1899
-624
-1958
-1712
-363
-1029
-1803
-927
-1260
-1145
-1896
-1894
-754
-1985
-1953
-1894
-1344
-259
-1890
-208
-417
-108
-2117
-1861
-153
-482
-1329
-259
-924
-1260
-636
-1924
-1099
-1950
-48
-2025
-587
-2059
-2052
-1714
-803
-1943
-2204
-1796
-1260
-1915
-1643
-12
-1888
-2116
-2008
-480
-1839
-1335
-952
-1822
-2289
-2074
-438
-2025
-143
-410
-1615
-640
-2136
-1788
-1796
-1929
-323
-1968
-255
-471
-1834
-1787
-806
-1128
-136
-2009
-1926
-1809
-1304
-582
-1918
-2191
-1897
-1016
-826
-1965
-255
-1164
-549
-2101
-1033
-1942
-109
-2097
135
-180
-1312
-1658
-2061
-195
-1946
-1783
-908
-1690
-762
-1791
-114
-1123
-914
-1908
-1060
-239
-157
-2021
-483
-2043
-497
-372
-1538
-1726
-32
-104
-1163
-985
-2009
-2007
273
-146
-2022
-1897
-1634
-1833
-2052
-1965
-1662
-1969
-1805
-2143
-1592
-513
-1886
-1806
-256
-677
-1840
-374
-1952
-1721
-1249
-1835
-496
-1223
-1019
-823
-1891
-948
-2077
-117
-1038
-2011
-58
-1198
-377
-1648
-1960
-1068
-283
96
-349
-722
-1845
-1861
-2096
-1007
-1962
-1949
-1690
-2083
-516
-1891
-1744
-348
-697
2
-1893
-69
-1008
-1128
-1789
-1030
-399
-1908
-2059
-1898
-1160
-514
-1736
-1848
-1775
-2013
-302
-1822
-1699
-761
-800
-1871
-251
-1913
-2002
-1987
-1782
-1147
-1969
-2040
-2082
-1450
-1853
65
-1963
-135
-1863
-1664
-1721
-1756
-1937
-535
-973
-589
-726
-254
-383
-814
-1821
-716
-1862
-1934
-1928
-484
-1979
-485
-1846
-1919
222
-2103
-988
-1903
-99
-1715
5
-528
-1966
-1007
-492
-1895
-510
-1998
-380
132
-1913
-890
-187
-1624
-1145
-141
-1912
-1824
-2169
-1853
-1883
-360
-362
-2008
-2020
-2011
-418
-187
-394
-755
-1052
-1788
-1808
-189
-243
-1850
-435
-272
-819
-1836
-1866
-1784
-1150
-1725
-1682
-2040
402
-138
-872
-1988
-776
-1120
-492
-1156
-1354
-367
-1956
-1908
-2042
-1769
-1609
-1897
-1977
-969
-263
-1863
-1692
-1796
-1060
-961
-1856
-202
-989
-1961
-1810
-355
-2051
-1893
-1068
-1003
-1072
-1691
-738
-1938
-1815
-1393
-1581
-1845
-88
-418
-1121
-398
-226
-710
-581
-1140
-1876
-2056
-1897
-1036
-1744
-1672
-630
-1853
-1857
-1845
260
-1869
-966
